[ 0.99995106  0.99999773  1.00019908  0.99993667  1.00003422  1.00004543
  1.00008119  1.00000153  1.00016441  0.99992631  1.00001857  1.00007482
  0.99989008  0.99991456  0.99986926  1.00011431  1.00004885  0.99992399
  0.99992895  1.00015009  1.00002174  1.00016917  1.00024186  1.00013995
  1.00003208  0.99995454  0.99990286  1.00002262  0.99995689  0.99992537
  1.00017309  1.00005881  1.00006295  0.99994012  0.99992831  0.9999989
  1.00003401  0.99998737  0.99985116  1.00003076  0.99988257  1.00003037
  1.00006316  0.99997541  0.99993251  1.00004533  0.99999174  0.99985429
  0.99995761  1.00012537  1.00012143  0.99988393  0.99988712  1.00004126
  0.9999841   1.00007806  0.99990029  0.99996402  1.00005814  0.99989521
  0.99993798  0.99994495  0.99995986  1.00002955  0.99994443  0.99985872
  1.00000326  0.9999114   1.00004812  1.00000169  1.00004939  1.00014259
  1.00003536  1.00014107  1.00010397  1.0000041   1.00004291  1.00001819
  0.99996163  1.00001509  1.00010363  0.99995244  0.99987605  1.0002491
  0.9999365   1.00004252  0.9999417   0.99994659  0.99991816  0.999905
  0.99984004  1.0000858   0.99994412  0.99997337  0.99988725  0.99993028
  0.99993442  1.00009543  0.99994876  0.99997899]
