3.138
3.15195412706
3.13983093321
3.1544
3.14440266243
3.13665681268
3.14612029385
3.14214576732
3.13462222222
3.13992148694
3.15199751736
3.14176885295
3.13780864198
3.14326975321
3.13821952473
3.135075
3.1379253464
3.13407796369
3.14000792707
3.144102618
3.13750691253
3.1449575152
3.13956093288
3.1432621978
3.138208
3.14942431132
3.14495416931
3.14261312674
3.13901134589
3.1429001133
3.13537084002
3.14237293445
3.14401048938
3.14536804663
3.14417331604
3.14143333333
3.14201004155
3.14117051779
3.14252547666
3.14360679378
3.13990234375
3.14172763298
3.14073072665
3.13957535677
3.14279349521
3.14161902524
3.14237306196
3.14236192322
3.14292244898
3.14271710056
3.14053464523
3.14296871543
3.14214014008
3.14365686879
3.14177325386
3.14216162887
3.13822654068
3.14352959053
3.14317491319
3.1393145444
3.14036471184
3.14305042713
3.13988254732
3.1398125
3.14172859878
3.14377927152
3.14169570961
3.14149542841
3.14578603571
3.13939126851
3.14202131561
3.14030237629
3.14259388249
3.13926987561
3.14259503224
3.14315730365
3.14253655759
3.14398689734
3.14070489408
3.14142506093
3.14456296296
3.14030951436
3.14177855483
3.14039587346
3.13934836915
3.14229823502
3.14495109507
3.14241615559
3.1397055268
3.14367355659
3.14055905634
3.1415327706
3.1404159708
3.14105910682
3.14075616965
3.14170199313
3.14048350849
3.14397911915
3.14040783939
3.140424
3.14097792099
3.13978946665
3.14100813464
3.14521057705
3.14122009277
3.14313858266
3.14259846084
3.13994077003
3.1431019803
3.14396014218
3.14126238153
3.14036184834
3.14089678566
3.14046776034
3.14168314213
3.14409933711
3.14293905068
3.14234743886
3.14067166063
3.14320718917
3.14303471074
3.13734640832
3.14002411615
3.14155746552
3.1446167927
3.14241820533
3.14186876319
3.140370915
3.13954472239
3.14231148046
3.141531982
3.14303317996
3.14144405522
3.14100559594
3.14093778493
3.13991626678
3.14318650011
3.14167264031
3.14371571626
3.14045197926
3.1389562155
3.14253063665
3.14159205896
3.14415
3.14404366398
3.13971974913
3.13978477056
3.14077648892
3.14077936039
3.14136923833
3.14216065953
3.14212715045
3.13966391219
3.14202653486
3.14135503148
3.1438070143
3.14274158152
3.14218629559
3.14079113127
3.13977127063
3.14252057439
3.14267631818
3.14160631283
3.13959960937
3.13927708388
3.14162021141
3.14345723624
3.14224441777
3.13978698225
3.14100820528
3.14135000225
3.14222261787
3.14117133398
3.14106362885
3.14306476457
3.14175021441
3.14082424105
3.14330091326
3.14261883038
3.13951156688
3.14199306256
3.1412313764
3.14163763524
3.14360082143
3.14083910035
3.14126890911
3.14074305569
3.14322788235
3.14283988991
3.14102599211
3.14277217313
3.14096834313
3.13979685081
3.14156221099
3.13917578673
3.14130204082
3.1409305688
3.13959090728
3.13907147528
3.142831135
3.14312394759
3.14054043079
3.14282050877
3.14067195506
3.14283551645
3.13903725916
3.14117892839
3.14022556897
3.14078231822
3.1417797953
3.14162473723
3.1414344584
3.14215046782
3.14346106845
3.14218977124
3.1395840796
3.14008431468
3.1413969492
3.14259996041
3.14269384333
3.14271921514
3.14111137822
3.14247376347
3.14288905888
3.142384
3.14087814613
3.14161327245
3.14052244957
3.14234029903
3.14144464324
3.14217671184
3.14152226594
3.14185571544
3.14019131327
3.1417198972
3.1409962972
3.14132236953
3.14207801952
3.14195620071
3.13941854655
3.14182232437
3.14247702154
3.1420437973
3.1411483685
3.14134144474
3.1422470455
3.14279219835
3.14221409208
3.14071853278
3.14219496944
3.14155124477
3.14297047252
3.14246746569
3.14132963227
3.1407073448
3.14240625
3.14200487311
3.14042297797
3.14280494159
3.14370509024
3.14018614192
3.14179479618
3.1411931843
3.14019995632
3.14277543709
3.14216267078
3.14107498401
3.14024678993
3.14095925045
3.14129290829
3.14311656521
3.14075789175
3.14154828838
3.14362373472
3.14250313936
3.14121788917
3.14185003698
3.14078036222
3.14081107247
3.14110718779
3.14237074293
3.14252967587
3.13991468737
3.14144740202
3.14019086499
3.13982712247
3.143647487
3.1407471815
3.14129550173
3.14096086584
3.14441189876
3.14260485167
3.14267942057
3.14193769751
3.14158358177
3.14203488372
3.14122575688
3.14169628435
3.1419425906
3.14133495832
3.14138692997
3.14187372335
3.14073457524
3.14131338895
3.14187624405
3.14076654437
3.14009299222
3.14205679411
3.14267509197
3.14285123967
3.14025653045
3.14128069012
3.14069613573
3.14122874511
3.14318052694
3.14132720066
3.14163868198
3.14140686215
3.14132565217
3.14192553889
3.14195333015
3.14068199585
3.14000611295
3.14201358025
3.14131295724
3.1414639237
3.14273582505
3.14186846991
3.1400198785
3.14114139611
3.14041540021
3.14191350743
3.14112876077
3.14216150194
3.14169309325
3.14131210882
3.14093177617
3.14091936521
3.14236677337
3.14009837343
3.14161156622
3.14143935257
3.14244363691
3.14227845214
3.14175909228
3.14250433576
3.14036279897
3.14181744999
3.14283618156
3.1405484858
3.14189358487
3.14154781984
3.14197121312
3.14167275034
3.14118445193
3.14194674383
3.14132837264
3.14047240188
3.14141918736
3.14326674557
3.14060055402
3.14269334068
3.14142669174
3.14174505156
3.14127134673
3.1423296022
3.14066249003
3.14142729925
3.14146158854
3.14145025499
3.14040689305
3.14234323617
3.14288204581
3.14213476876
3.14157588279
3.14191292386
3.1419805435
3.14120899592
3.14102768585
3.14060571247
3.14239513914
3.14170339508
3.1415003568
3.14139919394
3.14070499532
3.14066434103
3.14025859834
3.14091784777
3.14371279042
3.14147031983
3.14199024748
3.14140823263
3.14213389731
3.14142677712
3.14299413222
3.14203938656
3.14315192497
3.14117679015
3.14120354292
3.14207
3.14311462763
3.14159405739
3.14064103987
3.14097065941
3.14387828101
3.14274556752
3.14110624884
3.14009774895
3.14188339737
3.1409001078
3.14082627499
3.1417671948
3.14117040734
3.14106018724
3.14282581279
3.1429902579
3.1410266864
3.14253641032
3.1422129726
3.14160748342
3.1414512572
3.13992219802
3.14030397886
3.14190817225
3.14168562389
3.14136780602
3.14197035111
3.14225519943
3.14203851164
3.14256879099
3.14134841347
3.1416832095
3.14083302515
3.14107874159
3.13909125937
3.14299646952
3.14174583915
3.1403059639
3.14166449268
3.14262421349
3.14190204082
3.14275018762
3.14134041261
3.14193765938
3.14268030102
3.14182214432
3.14166403371
3.14102740485
3.14144064857
3.14124376673
3.14190696561
3.14291454013
3.14078753039
3.14108223677
3.14030343612
3.14102002424
3.1414709174
3.14044108656
3.1420951823
3.14171272834
3.14255373937
3.14255529372
3.14251942109
3.14303289253
3.14148202712
3.14259161119
3.14156834773
3.14095784416
3.14069241395
3.14324295144
3.14101127652
3.14242035754
3.13948741038
3.14044962905
3.14211103063
3.14118283429
3.14161853104
3.14134025978
3.14157244602
3.14098872
3.14200574767
3.14165493122
3.14181149492
3.14076528926
3.14147241258
3.14110543114
3.14095736592
3.14212506924
3.14164222676
3.14297574882
3.14011607702
3.1415608502
3.14205340476
3.14066357131
3.14131401713
3.14325493409
3.1421800118
3.14134578545
3.14196309119
3.14247506248
3.14161357845
3.14180564413
3.14239150243
3.14155077036
3.14226336297
3.1416197822
3.14153875241
3.14184470516
3.14184711534
3.14172618016
3.14287806406
3.14123867129
3.14199281424
3.14098934697
3.14105168616
3.14026045087
3.14209326997
3.14156609105
3.14185001245
3.14281163435
3.14165964478
3.1419959453
3.14176443168
3.14188568001
3.14217914939
3.1421952209
3.14146221064
3.14154272509
3.14097693762
3.14097513513
3.14253818842
3.14111909879
3.14176446029
3.14104083507
3.14132287495
3.1429663804
3.14324421639
3.14244162208
3.14105795742
3.14115318025
3.14212695109
3.14212603772
3.14216213229
3.14090776695
3.14170978692
3.14306741415
3.14221538592
3.14110818906
3.14269272954
3.14140415801
3.14029985791
3.14224235343
3.14052049129
3.14267379185
3.14189496081
3.14119128805
3.14201307096
3.14018172289
3.14133033288
3.14234195481
3.14140753401
3.14098310456
3.14184598847
3.14197899315
3.1406333254
3.140717936
3.14199155748
3.141499737
3.1427976214
3.1423190375
3.14114170203
3.14122893235
3.14241583222
3.14245701509
3.14127675587
3.14218194444
3.14200489323
3.14122815275
3.14177703428
3.14142779881
3.14198929082
3.14179517009
3.14175388115
3.14160905772
3.14191673833
3.1418174988
3.14176544352
3.14090394188
3.14117872539
3.14174824738
3.14282963389
3.14130628505
3.14136366894
3.14176147409
3.14116126811
3.14099046384
3.14213431779
3.14211064691
3.14189514061
3.14136002045
3.14167674174
3.14140127092
3.14147228525
3.14225583578
3.14191339017
3.14143119458
3.1409576305
3.1407092397
3.14075591073
3.14162836672
3.14188266612
3.14166961944
3.14252798694
3.14074825496
3.14251882005
3.14219555929
3.14065991067
3.14219417106
3.14194486844
3.14111314371
3.13982105955
3.14141111357
3.1408510006
3.14252890413
3.14152256
3.14117807495
3.14261384142
3.14227911443
3.14169388337
3.14148523268
3.14310351855
3.14067034469
3.14155275109
3.14094147875
3.14072028368
3.14205796262
3.14208229984
3.140362239
3.14084672243
3.14227511284
3.14160139283
3.14193896001
3.14246575556
3.1424748954
3.1424807272
3.14182038729
3.1409343252
3.14095066794
3.14157968396
3.14155275317
3.14118889588
3.14154035505
3.14321038905
3.14178979724
3.14170202219
3.14024578877
3.14187325287
3.14220109511
3.14109698036
3.14120950744
3.14214658814
3.14160392213
3.14112193599
3.141516531
3.14149806111
3.1419427919
3.14143498366
3.14230583059
3.14103606247
3.14107854824
3.1422137416
3.14171155788
3.13998973968
3.14225037452
3.14137421988
3.14188698225
3.1414463517
3.14101241674
3.14186228315
3.1405129355
3.14123311396
3.14210640807
3.14203072775
3.14085131741
3.14194614473
3.14134979482
3.14171992394
3.14208647011
3.14150861188
3.14156171022
3.14202453846
3.14173574867
3.14040601528
3.14151314883
3.14214702002
3.14232472161
3.14101756198
3.141846291
3.1421396105
3.14115629947
3.14194041654
3.14173699742
3.14250616943
3.1416537459
3.1403906214
3.14236472663
3.14215613838
3.1412810221
3.14184383151
3.14216806897
3.14072854298
3.14169152305
3.14149111364
3.14087039245
3.14108817596
3.14189354529
3.14112957973
3.14160055655
3.1415824761
3.14222387504
3.14189444774
3.14214534716
3.14170785502
3.14260278327
3.14116174941
3.14179162471
3.14161214768
3.14093903674
3.14082688615
3.14135768548
3.14155590129
3.14149808153
3.14217009657
3.14178038261
3.14167304237
3.14108822582
3.14173620882
3.14270477029
3.14177794888
3.14267625433
3.14136264719
3.14218685538
3.14291012541
3.14204274602
3.14149410516
3.14231665643
3.14107326681
3.14173091403
3.14294141787
3.1414520951
3.14073632053
3.14137061279
3.14089792518
3.14138997548
3.14139195964
3.14261384907
3.14093933127
3.14158486947
3.1415436397
3.14113289701
3.14161453187
3.14141094308
3.14100225414
3.1406186843
3.14135005837
3.14223666322
3.14160765353
3.14210501845
3.14057675054
3.14248748161
3.14228899003
3.14208522066
3.14071890689
3.14197152176
3.14132064848
3.14134724044
3.14182215368
3.14140490204
3.1416952761
3.14163625504
3.14216628433
3.14130599405
3.14216577653
3.14192040816
3.1407266314
3.14191423006
3.14112525062
3.14165169802
3.14119355768
3.14228492547
3.14116345514
3.14136798998
3.14229262171
3.14115135186
3.14146455392
3.14152942916
3.14009974993
3.14145196174
3.14234769748
3.14194586765
3.14154603004
3.14090016908
3.14148476262
3.14205412938
3.14070041519
3.14184816452
3.14183396152
3.14086728627
3.14161528403
3.14120791396
3.14237961342
3.14156821142
3.14048680637
3.14181135728
3.1414727188
3.14265657243
3.14114554997
3.14195853098
3.14084346845
3.14114500482
3.14092169744
3.14182738544
3.14112731453
3.14176644126
3.14152202419
3.1414757316
3.1422727259
3.14102003243
3.14092792775
3.14187837577
3.14183515284
3.14140429477
3.14160842435
3.14138040298
3.14186573941
3.14089133358
3.14212799433
3.14218870967
3.14183022496
3.14124397921
3.14188014269
3.14172590345
3.14143101397
3.14069883665
3.14189594682
3.1419330822
3.14128883693
3.14132219086
3.14089673892
3.1413093098
3.14071320004
3.14171310779
3.14215659598
3.1412218479
3.14092673305
3.14126437285
3.14148925529
3.14220901847
3.14191662104
3.14090833797
3.14045376376
3.14135699961
3.14083159817
3.14112345143
3.14213396156
3.14182372919
3.14060007827
3.14208502536
3.14162533684
3.14221613709
3.14186220869
3.14227825883
3.14095022344
3.14220566504
3.14180633901
3.14195183676
3.14167026232
3.14118201433
3.14148322379
3.14099147497
3.14162522432
3.14182399673
3.14151438776
3.14131862172
3.14164860307
3.14182275408
3.14160435989
3.14138276428
3.14202405237
3.1410245273
3.1420408398
3.14193272557
3.14187988007
3.14242800159
3.14153828922
3.14182697594
3.14163620048
3.14233263399
3.141753831
3.14300266667
3.1417575903
3.141129267
3.14128919984
3.14124025181
3.14157813207
3.14195996258
3.14146700667
3.14215829205
3.14212022726
3.14103956617
3.140775405
3.14115756442
3.14124596872
3.14181199184
3.14208903726
3.14108307425
3.14189711526
3.14144081625
3.14125204189
3.14183980609
3.14206212258
3.14170099344
3.1413324573
3.1401212774
3.14214385206
3.14184648151
3.14198889351
3.14192364053
3.1409163667
3.14159081563
3.14255901612
3.14079287973
3.14306808381
3.1409749253
3.14126375873
3.14225890493
3.14189718136
3.1422685787
3.14155159896
3.14178423446
3.14120390722
3.14126242295
3.14047300237
3.14165242513
3.14157144798
3.14212841563
3.14162220693
3.1411754424
3.14156012818
3.14140551931
3.14082447465
3.14101431877
3.14093239684
3.14247488188
3.14164493459
3.14239826105
3.14130141077
3.14126959685
3.14079891366
3.14076513263
3.14200665973
3.14117269387
3.14096709089
3.14094467398
3.14201953803
3.14148069747
3.14202337066
3.14173212482
3.1415984067
3.1414557663
3.1425183862
3.14081646706
3.14125311043
3.14240055884
3.14145197583
3.14136354619
3.141707776
3.14068223072
3.14074795102
3.14104788249
3.14086005458
3.14109096162
3.14177585474
3.14120174537
3.14147474105
3.14282364396
3.14157245562
3.14144700246
3.14113518055
3.14213469591
3.14237514309
3.14220052619
3.14138877393
3.14114638357
3.14198354678
3.14081188263
3.1421566065
3.1417762462
3.14194760455
3.14153485352
