[ 0.00317864  0.00317718  0.00322018  0.00318422  0.00316553  0.00306133
  0.00301345  0.00316     0.00316564  0.00314397  0.00326088  0.00311257
  0.00311976  0.003192    0.00316786  0.00319623  0.00304085  0.00323728
  0.00310268  0.00305993  0.00314071  0.00325818  0.00313148  0.00309468
  0.00313034  0.00318321  0.0032135   0.00320047  0.00309813  0.0030233
  0.0031477   0.00317572  0.00311187  0.00312391  0.00319493  0.00321586
  0.00316012  0.00306264  0.00318658  0.00316385  0.00317264  0.00312833
  0.00309747  0.00308325  0.00323009  0.00306099  0.00303688  0.00322274
  0.00331213  0.00320336  0.0032252   0.00310343  0.00313092  0.00309061
  0.00315371  0.00321432  0.00294035  0.00316117  0.00299805  0.00320037
  0.00300696  0.00313923  0.00308265  0.00320221  0.00314046  0.00315937
  0.00318619  0.00313915  0.0032245   0.00314273  0.00298804  0.00318398
  0.00318555  0.00299277  0.00319488  0.00327061  0.00309335  0.00310211
  0.00318158  0.00303683  0.0032036   0.00317596  0.00309458  0.00313105
  0.00312808  0.00315488  0.00311672  0.00308084  0.00332455  0.00306543
  0.00315487  0.00297812  0.00323255  0.00317889  0.00301416  0.00316461
  0.00307435  0.00308642  0.00317424  0.00314487]
